{
 "cells": [
  {
   "cell_type": "code",
   "execution_count": 1,
   "metadata": {},
   "outputs": [],
   "source": [
    "import numpy as np\n",
    "import pandas as pd\n",
    "import matplotlib.pyplot as plt\n",
    "import seaborn as sns"
   ]
  },
  {
   "cell_type": "code",
   "execution_count": 20,
   "metadata": {},
   "outputs": [
    {
     "name": "stderr",
     "output_type": "stream",
     "text": [
      "d:\\apps\\minicond3\\envs\\python-env-311\\Lib\\site-packages\\openpyxl\\styles\\stylesheet.py:237: UserWarning: Workbook contains no default style, apply openpyxl's default\n",
      "  warn(\"Workbook contains no default style, apply openpyxl's default\")\n"
     ]
    },
    {
     "data": {
      "text/html": [
       "<div>\n",
       "<style scoped>\n",
       "    .dataframe tbody tr th:only-of-type {\n",
       "        vertical-align: middle;\n",
       "    }\n",
       "\n",
       "    .dataframe tbody tr th {\n",
       "        vertical-align: top;\n",
       "    }\n",
       "\n",
       "    .dataframe thead th {\n",
       "        text-align: right;\n",
       "    }\n",
       "</style>\n",
       "<table border=\"1\" class=\"dataframe\">\n",
       "  <thead>\n",
       "    <tr style=\"text-align: right;\">\n",
       "      <th></th>\n",
       "      <th>최근증가율</th>\n",
       "      <th>살인검거율</th>\n",
       "      <th>강도검거율</th>\n",
       "      <th>강간검거율</th>\n",
       "      <th>절도검거율</th>\n",
       "      <th>폭력검거율</th>\n",
       "      <th>살인발생율</th>\n",
       "      <th>강도발생율</th>\n",
       "      <th>강간발생율</th>\n",
       "      <th>절도발생율</th>\n",
       "      <th>폭력발생율</th>\n",
       "    </tr>\n",
       "  </thead>\n",
       "  <tbody>\n",
       "    <tr>\n",
       "      <th>최근증가율</th>\n",
       "      <td>1.000000</td>\n",
       "      <td>-0.023037</td>\n",
       "      <td>0.379936</td>\n",
       "      <td>0.631511</td>\n",
       "      <td>0.219965</td>\n",
       "      <td>0.202701</td>\n",
       "      <td>0.267272</td>\n",
       "      <td>0.136392</td>\n",
       "      <td>0.150921</td>\n",
       "      <td>0.111496</td>\n",
       "      <td>0.136907</td>\n",
       "    </tr>\n",
       "    <tr>\n",
       "      <th>살인검거율</th>\n",
       "      <td>-0.023037</td>\n",
       "      <td>1.000000</td>\n",
       "      <td>-0.269053</td>\n",
       "      <td>0.158911</td>\n",
       "      <td>0.370667</td>\n",
       "      <td>0.274084</td>\n",
       "      <td>-0.041224</td>\n",
       "      <td>0.046452</td>\n",
       "      <td>0.000804</td>\n",
       "      <td>0.071894</td>\n",
       "      <td>0.127862</td>\n",
       "    </tr>\n",
       "    <tr>\n",
       "      <th>강도검거율</th>\n",
       "      <td>0.379936</td>\n",
       "      <td>-0.269053</td>\n",
       "      <td>1.000000</td>\n",
       "      <td>0.405725</td>\n",
       "      <td>0.074453</td>\n",
       "      <td>0.030592</td>\n",
       "      <td>0.230080</td>\n",
       "      <td>0.008939</td>\n",
       "      <td>0.165399</td>\n",
       "      <td>0.052082</td>\n",
       "      <td>0.185873</td>\n",
       "    </tr>\n",
       "    <tr>\n",
       "      <th>강간검거율</th>\n",
       "      <td>0.631511</td>\n",
       "      <td>0.158911</td>\n",
       "      <td>0.405725</td>\n",
       "      <td>1.000000</td>\n",
       "      <td>0.527759</td>\n",
       "      <td>0.072463</td>\n",
       "      <td>0.393167</td>\n",
       "      <td>0.338628</td>\n",
       "      <td>0.477556</td>\n",
       "      <td>0.390956</td>\n",
       "      <td>0.494310</td>\n",
       "    </tr>\n",
       "    <tr>\n",
       "      <th>절도검거율</th>\n",
       "      <td>0.219965</td>\n",
       "      <td>0.370667</td>\n",
       "      <td>0.074453</td>\n",
       "      <td>0.527759</td>\n",
       "      <td>1.000000</td>\n",
       "      <td>0.513237</td>\n",
       "      <td>0.209957</td>\n",
       "      <td>0.013261</td>\n",
       "      <td>0.115627</td>\n",
       "      <td>0.087630</td>\n",
       "      <td>0.231712</td>\n",
       "    </tr>\n",
       "    <tr>\n",
       "      <th>폭력검거율</th>\n",
       "      <td>0.202701</td>\n",
       "      <td>0.274084</td>\n",
       "      <td>0.030592</td>\n",
       "      <td>0.072463</td>\n",
       "      <td>0.513237</td>\n",
       "      <td>1.000000</td>\n",
       "      <td>-0.030134</td>\n",
       "      <td>0.087607</td>\n",
       "      <td>-0.035787</td>\n",
       "      <td>0.067700</td>\n",
       "      <td>0.069617</td>\n",
       "    </tr>\n",
       "    <tr>\n",
       "      <th>살인발생율</th>\n",
       "      <td>0.267272</td>\n",
       "      <td>-0.041224</td>\n",
       "      <td>0.230080</td>\n",
       "      <td>0.393167</td>\n",
       "      <td>0.209957</td>\n",
       "      <td>-0.030134</td>\n",
       "      <td>1.000000</td>\n",
       "      <td>0.572225</td>\n",
       "      <td>0.385552</td>\n",
       "      <td>0.428216</td>\n",
       "      <td>0.476420</td>\n",
       "    </tr>\n",
       "    <tr>\n",
       "      <th>강도발생율</th>\n",
       "      <td>0.136392</td>\n",
       "      <td>0.046452</td>\n",
       "      <td>0.008939</td>\n",
       "      <td>0.338628</td>\n",
       "      <td>0.013261</td>\n",
       "      <td>0.087607</td>\n",
       "      <td>0.572225</td>\n",
       "      <td>1.000000</td>\n",
       "      <td>0.796950</td>\n",
       "      <td>0.823970</td>\n",
       "      <td>0.805166</td>\n",
       "    </tr>\n",
       "    <tr>\n",
       "      <th>강간발생율</th>\n",
       "      <td>0.150921</td>\n",
       "      <td>0.000804</td>\n",
       "      <td>0.165399</td>\n",
       "      <td>0.477556</td>\n",
       "      <td>0.115627</td>\n",
       "      <td>-0.035787</td>\n",
       "      <td>0.385552</td>\n",
       "      <td>0.796950</td>\n",
       "      <td>1.000000</td>\n",
       "      <td>0.804098</td>\n",
       "      <td>0.904083</td>\n",
       "    </tr>\n",
       "    <tr>\n",
       "      <th>절도발생율</th>\n",
       "      <td>0.111496</td>\n",
       "      <td>0.071894</td>\n",
       "      <td>0.052082</td>\n",
       "      <td>0.390956</td>\n",
       "      <td>0.087630</td>\n",
       "      <td>0.067700</td>\n",
       "      <td>0.428216</td>\n",
       "      <td>0.823970</td>\n",
       "      <td>0.804098</td>\n",
       "      <td>1.000000</td>\n",
       "      <td>0.914544</td>\n",
       "    </tr>\n",
       "    <tr>\n",
       "      <th>폭력발생율</th>\n",
       "      <td>0.136907</td>\n",
       "      <td>0.127862</td>\n",
       "      <td>0.185873</td>\n",
       "      <td>0.494310</td>\n",
       "      <td>0.231712</td>\n",
       "      <td>0.069617</td>\n",
       "      <td>0.476420</td>\n",
       "      <td>0.805166</td>\n",
       "      <td>0.904083</td>\n",
       "      <td>0.914544</td>\n",
       "      <td>1.000000</td>\n",
       "    </tr>\n",
       "  </tbody>\n",
       "</table>\n",
       "</div>"
      ],
      "text/plain": [
       "          최근증가율     살인검거율     강도검거율     강간검거율     절도검거율     폭력검거율     살인발생율  \\\n",
       "최근증가율  1.000000 -0.023037  0.379936  0.631511  0.219965  0.202701  0.267272   \n",
       "살인검거율 -0.023037  1.000000 -0.269053  0.158911  0.370667  0.274084 -0.041224   \n",
       "강도검거율  0.379936 -0.269053  1.000000  0.405725  0.074453  0.030592  0.230080   \n",
       "강간검거율  0.631511  0.158911  0.405725  1.000000  0.527759  0.072463  0.393167   \n",
       "절도검거율  0.219965  0.370667  0.074453  0.527759  1.000000  0.513237  0.209957   \n",
       "폭력검거율  0.202701  0.274084  0.030592  0.072463  0.513237  1.000000 -0.030134   \n",
       "살인발생율  0.267272 -0.041224  0.230080  0.393167  0.209957 -0.030134  1.000000   \n",
       "강도발생율  0.136392  0.046452  0.008939  0.338628  0.013261  0.087607  0.572225   \n",
       "강간발생율  0.150921  0.000804  0.165399  0.477556  0.115627 -0.035787  0.385552   \n",
       "절도발생율  0.111496  0.071894  0.052082  0.390956  0.087630  0.067700  0.428216   \n",
       "폭력발생율  0.136907  0.127862  0.185873  0.494310  0.231712  0.069617  0.476420   \n",
       "\n",
       "          강도발생율     강간발생율     절도발생율     폭력발생율  \n",
       "최근증가율  0.136392  0.150921  0.111496  0.136907  \n",
       "살인검거율  0.046452  0.000804  0.071894  0.127862  \n",
       "강도검거율  0.008939  0.165399  0.052082  0.185873  \n",
       "강간검거율  0.338628  0.477556  0.390956  0.494310  \n",
       "절도검거율  0.013261  0.115627  0.087630  0.231712  \n",
       "폭력검거율  0.087607 -0.035787  0.067700  0.069617  \n",
       "살인발생율  0.572225  0.385552  0.428216  0.476420  \n",
       "강도발생율  1.000000  0.796950  0.823970  0.805166  \n",
       "강간발생율  0.796950  1.000000  0.804098  0.904083  \n",
       "절도발생율  0.823970  0.804098  1.000000  0.914544  \n",
       "폭력발생율  0.805166  0.904083  0.914544  1.000000  "
      ]
     },
     "execution_count": 20,
     "metadata": {},
     "output_type": "execute_result"
    }
   ],
   "source": [
    "# 범죄 데이터 준비 \n",
    "df_crime = pd.read_excel('data-files/crime-in-seoul.xlsx', header=3)\n",
    "df_crime2 = df_crime.iloc[:,-10:].copy()\n",
    "df_crime2['자치구'] = df_crime.iloc[:,1]\n",
    "\n",
    "new_columns = ['살인발생', '살인검거', '강도발생', '강도검거', '강간발생', '강간검거', '절도발생', '절도검거', '폭력발생', '폭력검거', '자치구']    \n",
    "df_crime2.columns = new_columns \n",
    "\n",
    "df_crime2.set_index('자치구', inplace=True)\n",
    "df_crime2 = df_crime2.iloc[1:, :]\n",
    "\n",
    "# 서대문구, 강도발생 데이터가 '-' -> 0으로, 자료형은 int로 변경\n",
    "df_crime2.loc['서대문구', '강도발생'] = '0'\n",
    "df_crime2['강도발생'] = df_crime2['강도발생'].astype(int)   # astype : 자료형 변경\n",
    "\n",
    "df_crime2['살인검거율'] = df_crime2['살인검거'] / df_crime2['살인발생']\n",
    "df_crime2['강도검거율'] = df_crime2['강도검거'] / df_crime2['강도발생']\n",
    "df_crime2['강간검거율'] = df_crime2['강간검거'] / df_crime2['강간발생']\n",
    "df_crime2['절도검거율'] = df_crime2['절도검거'] / df_crime2['절도발생']\n",
    "df_crime2['폭력검거율'] = df_crime2['폭력검거'] / df_crime2['폭력발생']\n",
    "\n",
    "df_crime2.to_csv('data-files/crime-in-seoul-2.csv')\n",
    "\n",
    "df_pop = pd.read_csv('data-files/population-in-seoul-2.csv')\n",
    "df_cc = pd.read_csv('data-files/cctv-in-seoul-2.csv')\n",
    "df_cc['자치구'] = df_cc['자치구'].str.replace(' ','')\n",
    "\n",
    "df_pc = pd.merge(left=df_pop, right=df_crime2, on='자치구')\n",
    "df_all= pd.merge(left=df_pc, right=df_cc, on='자치구')\n",
    "df_all.set_index(\"자치구\", inplace=True)\n",
    "\n",
    "df_all['살인발생율'] = df_all['살인발생'] / df_all['2024-인구수']\n",
    "df_all['강도발생율'] = df_all['강도발생'] / df_all['2024-인구수']\n",
    "df_all['강간발생율'] = df_all['강간발생'] / df_all['2024-인구수']\n",
    "df_all['절도발생율'] = df_all['절도발생'] / df_all['2024-인구수']\n",
    "df_all['폭력발생율'] = df_all['폭력발생'] / df_all['2024-인구수']\n",
    "df_all\n",
    "\n",
    "cols2 = ['최근증가율',\n",
    "         '살인검거율', '강도검거율', '강간검거율', '절도검거율', '폭력검거율',\n",
    "         '살인발생율', '강도발생율','강간발생율', '절도발생율', '폭력발생율']\n",
    "\n",
    "df_all[cols2]\n",
    "df_all[cols2].corr()"
   ]
  },
  {
   "cell_type": "code",
   "execution_count": 2,
   "metadata": {},
   "outputs": [
    {
     "name": "stderr",
     "output_type": "stream",
     "text": [
      "d:\\apps\\minicond3\\envs\\python-env-311\\Lib\\site-packages\\openpyxl\\styles\\stylesheet.py:237: UserWarning: Workbook contains no default style, apply openpyxl's default\n",
      "  warn(\"Workbook contains no default style, apply openpyxl's default\")\n"
     ]
    },
    {
     "data": {
      "text/html": [
       "<div>\n",
       "<style scoped>\n",
       "    .dataframe tbody tr th:only-of-type {\n",
       "        vertical-align: middle;\n",
       "    }\n",
       "\n",
       "    .dataframe tbody tr th {\n",
       "        vertical-align: top;\n",
       "    }\n",
       "\n",
       "    .dataframe thead th {\n",
       "        text-align: right;\n",
       "    }\n",
       "</style>\n",
       "<table border=\"1\" class=\"dataframe\">\n",
       "  <thead>\n",
       "    <tr style=\"text-align: right;\">\n",
       "      <th></th>\n",
       "      <th>살인검거율</th>\n",
       "      <th>강도검거율</th>\n",
       "      <th>강간검거율</th>\n",
       "      <th>절도검거율</th>\n",
       "      <th>폭력검거율</th>\n",
       "      <th>인구대비살인발생율</th>\n",
       "      <th>인구대비강도발생율</th>\n",
       "      <th>인구대비강간발생율</th>\n",
       "      <th>인구대비절도발생율</th>\n",
       "      <th>인구대비폭력발생율</th>\n",
       "      <th>최근증가율</th>\n",
       "    </tr>\n",
       "  </thead>\n",
       "  <tbody>\n",
       "    <tr>\n",
       "      <th>살인검거율</th>\n",
       "      <td>1.000000</td>\n",
       "      <td>-0.269053</td>\n",
       "      <td>0.158911</td>\n",
       "      <td>0.370667</td>\n",
       "      <td>0.274084</td>\n",
       "      <td>-0.041224</td>\n",
       "      <td>0.046452</td>\n",
       "      <td>0.000804</td>\n",
       "      <td>0.071894</td>\n",
       "      <td>0.127862</td>\n",
       "      <td>-0.023037</td>\n",
       "    </tr>\n",
       "    <tr>\n",
       "      <th>강도검거율</th>\n",
       "      <td>-0.269053</td>\n",
       "      <td>1.000000</td>\n",
       "      <td>0.405725</td>\n",
       "      <td>0.074453</td>\n",
       "      <td>0.030592</td>\n",
       "      <td>0.230080</td>\n",
       "      <td>0.008939</td>\n",
       "      <td>0.165399</td>\n",
       "      <td>0.052082</td>\n",
       "      <td>0.185873</td>\n",
       "      <td>0.379936</td>\n",
       "    </tr>\n",
       "    <tr>\n",
       "      <th>강간검거율</th>\n",
       "      <td>0.158911</td>\n",
       "      <td>0.405725</td>\n",
       "      <td>1.000000</td>\n",
       "      <td>0.527759</td>\n",
       "      <td>0.072463</td>\n",
       "      <td>0.393167</td>\n",
       "      <td>0.338628</td>\n",
       "      <td>0.477556</td>\n",
       "      <td>0.390956</td>\n",
       "      <td>0.494310</td>\n",
       "      <td>0.631511</td>\n",
       "    </tr>\n",
       "    <tr>\n",
       "      <th>절도검거율</th>\n",
       "      <td>0.370667</td>\n",
       "      <td>0.074453</td>\n",
       "      <td>0.527759</td>\n",
       "      <td>1.000000</td>\n",
       "      <td>0.513237</td>\n",
       "      <td>0.209957</td>\n",
       "      <td>0.013261</td>\n",
       "      <td>0.115627</td>\n",
       "      <td>0.087630</td>\n",
       "      <td>0.231712</td>\n",
       "      <td>0.219965</td>\n",
       "    </tr>\n",
       "    <tr>\n",
       "      <th>폭력검거율</th>\n",
       "      <td>0.274084</td>\n",
       "      <td>0.030592</td>\n",
       "      <td>0.072463</td>\n",
       "      <td>0.513237</td>\n",
       "      <td>1.000000</td>\n",
       "      <td>-0.030134</td>\n",
       "      <td>0.087607</td>\n",
       "      <td>-0.035787</td>\n",
       "      <td>0.067700</td>\n",
       "      <td>0.069617</td>\n",
       "      <td>0.202701</td>\n",
       "    </tr>\n",
       "    <tr>\n",
       "      <th>인구대비살인발생율</th>\n",
       "      <td>-0.041224</td>\n",
       "      <td>0.230080</td>\n",
       "      <td>0.393167</td>\n",
       "      <td>0.209957</td>\n",
       "      <td>-0.030134</td>\n",
       "      <td>1.000000</td>\n",
       "      <td>0.572225</td>\n",
       "      <td>0.385552</td>\n",
       "      <td>0.428216</td>\n",
       "      <td>0.476420</td>\n",
       "      <td>0.267272</td>\n",
       "    </tr>\n",
       "    <tr>\n",
       "      <th>인구대비강도발생율</th>\n",
       "      <td>0.046452</td>\n",
       "      <td>0.008939</td>\n",
       "      <td>0.338628</td>\n",
       "      <td>0.013261</td>\n",
       "      <td>0.087607</td>\n",
       "      <td>0.572225</td>\n",
       "      <td>1.000000</td>\n",
       "      <td>0.796950</td>\n",
       "      <td>0.823970</td>\n",
       "      <td>0.805166</td>\n",
       "      <td>0.136392</td>\n",
       "    </tr>\n",
       "    <tr>\n",
       "      <th>인구대비강간발생율</th>\n",
       "      <td>0.000804</td>\n",
       "      <td>0.165399</td>\n",
       "      <td>0.477556</td>\n",
       "      <td>0.115627</td>\n",
       "      <td>-0.035787</td>\n",
       "      <td>0.385552</td>\n",
       "      <td>0.796950</td>\n",
       "      <td>1.000000</td>\n",
       "      <td>0.804098</td>\n",
       "      <td>0.904083</td>\n",
       "      <td>0.150921</td>\n",
       "    </tr>\n",
       "    <tr>\n",
       "      <th>인구대비절도발생율</th>\n",
       "      <td>0.071894</td>\n",
       "      <td>0.052082</td>\n",
       "      <td>0.390956</td>\n",
       "      <td>0.087630</td>\n",
       "      <td>0.067700</td>\n",
       "      <td>0.428216</td>\n",
       "      <td>0.823970</td>\n",
       "      <td>0.804098</td>\n",
       "      <td>1.000000</td>\n",
       "      <td>0.914544</td>\n",
       "      <td>0.111496</td>\n",
       "    </tr>\n",
       "    <tr>\n",
       "      <th>인구대비폭력발생율</th>\n",
       "      <td>0.127862</td>\n",
       "      <td>0.185873</td>\n",
       "      <td>0.494310</td>\n",
       "      <td>0.231712</td>\n",
       "      <td>0.069617</td>\n",
       "      <td>0.476420</td>\n",
       "      <td>0.805166</td>\n",
       "      <td>0.904083</td>\n",
       "      <td>0.914544</td>\n",
       "      <td>1.000000</td>\n",
       "      <td>0.136907</td>\n",
       "    </tr>\n",
       "    <tr>\n",
       "      <th>최근증가율</th>\n",
       "      <td>-0.023037</td>\n",
       "      <td>0.379936</td>\n",
       "      <td>0.631511</td>\n",
       "      <td>0.219965</td>\n",
       "      <td>0.202701</td>\n",
       "      <td>0.267272</td>\n",
       "      <td>0.136392</td>\n",
       "      <td>0.150921</td>\n",
       "      <td>0.111496</td>\n",
       "      <td>0.136907</td>\n",
       "      <td>1.000000</td>\n",
       "    </tr>\n",
       "  </tbody>\n",
       "</table>\n",
       "</div>"
      ],
      "text/plain": [
       "              살인검거율     강도검거율     강간검거율     절도검거율     폭력검거율  인구대비살인발생율  \\\n",
       "살인검거율      1.000000 -0.269053  0.158911  0.370667  0.274084  -0.041224   \n",
       "강도검거율     -0.269053  1.000000  0.405725  0.074453  0.030592   0.230080   \n",
       "강간검거율      0.158911  0.405725  1.000000  0.527759  0.072463   0.393167   \n",
       "절도검거율      0.370667  0.074453  0.527759  1.000000  0.513237   0.209957   \n",
       "폭력검거율      0.274084  0.030592  0.072463  0.513237  1.000000  -0.030134   \n",
       "인구대비살인발생율 -0.041224  0.230080  0.393167  0.209957 -0.030134   1.000000   \n",
       "인구대비강도발생율  0.046452  0.008939  0.338628  0.013261  0.087607   0.572225   \n",
       "인구대비강간발생율  0.000804  0.165399  0.477556  0.115627 -0.035787   0.385552   \n",
       "인구대비절도발생율  0.071894  0.052082  0.390956  0.087630  0.067700   0.428216   \n",
       "인구대비폭력발생율  0.127862  0.185873  0.494310  0.231712  0.069617   0.476420   \n",
       "최근증가율     -0.023037  0.379936  0.631511  0.219965  0.202701   0.267272   \n",
       "\n",
       "           인구대비강도발생율  인구대비강간발생율  인구대비절도발생율  인구대비폭력발생율     최근증가율  \n",
       "살인검거율       0.046452   0.000804   0.071894   0.127862 -0.023037  \n",
       "강도검거율       0.008939   0.165399   0.052082   0.185873  0.379936  \n",
       "강간검거율       0.338628   0.477556   0.390956   0.494310  0.631511  \n",
       "절도검거율       0.013261   0.115627   0.087630   0.231712  0.219965  \n",
       "폭력검거율       0.087607  -0.035787   0.067700   0.069617  0.202701  \n",
       "인구대비살인발생율   0.572225   0.385552   0.428216   0.476420  0.267272  \n",
       "인구대비강도발생율   1.000000   0.796950   0.823970   0.805166  0.136392  \n",
       "인구대비강간발생율   0.796950   1.000000   0.804098   0.904083  0.150921  \n",
       "인구대비절도발생율   0.823970   0.804098   1.000000   0.914544  0.111496  \n",
       "인구대비폭력발생율   0.805166   0.904083   0.914544   1.000000  0.136907  \n",
       "최근증가율       0.136392   0.150921   0.111496   0.136907  1.000000  "
      ]
     },
     "execution_count": 2,
     "metadata": {},
     "output_type": "execute_result"
    }
   ],
   "source": [
    "\n",
    "# 범죄 데이터 준비\n",
    "df_crime = pd.read_excel(\"data-files/crime-in-seoul.xlsx\", header=3)\n",
    "df_crime2 = df_crime.iloc[:, -10:].copy()\n",
    "df_crime2[\"자치구\"] = df_crime.iloc[:, 1]\n",
    "\n",
    "# 1. 컬럼명 변경 : 살인발생, 살인검거, 강도발생, 강도검거, 강간발생, 강간검거, 절도발생, 절도검거, 폭력발생, 폭력검거\n",
    "new_columns = [\"살인발생\", \"살인검거\", \"강도발생\", '강도검거', \"강간발생\", \"강간검거\", \"절도발생\", \"절도검거\", \"폭력발생\", \"폭력검거\", \"자치구\"]\n",
    "df_crime2.columns = new_columns\n",
    "\n",
    "# 2. 자치구 컬럼을 index로 변경\n",
    "df_crime2.set_index(\"자치구\", inplace=True)\n",
    "\n",
    "# 소계 행 제거\n",
    "df_crime2.drop(\"소계\", axis=0, inplace=True)\n",
    "\n",
    "# 서대문구, 강도발생 데이터 '-' --> 0, 자료형은  int로 변경\n",
    "df_crime2.loc['서대문구', '강도발생'] = '0'\n",
    "df_crime2['강도발생'] = df_crime2['강도발생'].astype(int) # astype : 자료형 변경\n",
    "\n",
    "# 3. 각 범죄에 대한 검거율 계산하고 컬럼으로 저장 : 검거/발생\n",
    "for n in range(0, 10, 2):\n",
    "    cname = df_crime2.columns[n].replace('발생', \"검거율\")\n",
    "    df_crime2[cname] = df_crime2.iloc[:,n+1] / df_crime2.iloc[:,n]\n",
    "df_crime2\n",
    "\n",
    "# 4. 처리되 데이터프레임을 파일로 저장 (data-files/crime-in-seoul.csv)\n",
    "df_crime2.to_csv('data-files/crime-in-seoul-2.csv')\n",
    "\n",
    "# 5. population-in-seoul-2.csv 파일의 데이터 읽기\n",
    "df_pop = pd.read_csv('data-files/population-in-seoul-2.csv')\n",
    "\n",
    "# 6. 5의 데이터를 4의 데이터프레임에 병합\n",
    "df_cp = pd.merge(left=df_pop, right=df_crime2, on='자치구')\n",
    "\n",
    "# 7. cctv-in-seoul-2.csv 파일의 데이터 읽기\n",
    "df_cc = pd.read_csv('data-files/cctv-in-seoul-2.csv')\n",
    "df_cc['자치구'] = df_cc['자치구'].str.replace(' ','')\n",
    "\n",
    "# 8. 7의 데이터를 6의 데이터에 병합\n",
    "df_all= pd.merge(left=df_cp, right=df_cc, on='자치구')\n",
    "df_all.set_index(\"자치구\", inplace=True)\n",
    "df_all\n",
    "\n",
    "# 9. 각 범죄에 대한 인구 대비 발생율 계산하고 컬럼으로 저장\n",
    "cols = ['살인발생', '강도발생', '강간발생', '절도발생', '폭력발생',]\n",
    "for col in cols:\n",
    "    cname = f\"인구대비{col}율\"\n",
    "    df_all[cname] = df_all[col] / df_all['2024-인구수']\n",
    "df_all\n",
    "\n",
    "# 10. 범죄발생율, 검거율, CCTV 상관관계 비교\n",
    "df_all.columns\n",
    "cols2 = ['살인검거율', '강도검거율', '강간검거율', '절도검거율', '폭력검거율',\n",
    "         '인구대비살인발생율', '인구대비강도발생율','인구대비강간발생율', '인구대비절도발생율', '인구대비폭력발생율', \n",
    "         '최근증가율']\n",
    "\n",
    "df_all[cols2]\n",
    "df_all[cols2].corr()\n"
   ]
  },
  {
   "cell_type": "code",
   "execution_count": null,
   "metadata": {},
   "outputs": [
    {
     "data": {
